78687 53 19
42326 50 141
100904 31 109
80715 51 31
34899 48 16
184568 30 94
112783 34 138
108895 16 100
169270 47 34
66533 48 14
67698 65 146
60195 62 84
187992 25 81
102808 32 45
218043 66 169
82056 36 19
10158 66 170
113667 33 148
134982 43 9
37055 34 154
199780 40 30
122775 45 44
151369 36 45
170911 41 129
25020 40 8
116814 63 152
122986 48 20
216433 35 37
47323 37 94
15409 51 97
123183 40 6
208007 56 106
63908 43 130
156381 27 151
116989 38 87
114072 58 158
203597 33 34
14991 50 6
101299 42 87
186594 45 54
111183 63 22
105168 37 125
190776 50 12
181638 34 153
140721 39 152
145959 29 143
201957 46 95
20060 43 153
203403 36 37
133878 57 100
20893 27 6
32947 36 151
84807 53 119
97012 66 13
207125 66 113
128226 36 43
171342 38 106
108858 61 15
27773 44 110
99078 61 35
31697 61 103
153571 29 30
201282 44 160
56966 36 84
1795 62 65
194181 44 105
15081 56 135
35359 56 19
10314 37 18
22487 38 45
148677 46 118
20121 47 94
141018 57 20
121152 26 170
53706 45 31
36316 28 18
167360 34 151
105743 18 151
194439 59 74
102869 34 89
211757 27 40
18675 49 106
156643 63 157
37160 42 109
217769 53 41
176660 32 93
191402 47 40
149540 51 148
96359 29 110
72046 40 42
216465 35 149
162341 35 15
26155 40 134
89659 35 18
33711 34 126
149778 57 123
123737 30 45
175740 15 112
209369 45 81
61445 47 43
33190 39 28
148739 49 114
26086 46 44
15222 32 149
200377 45 83
75629 50 160
170861 42 109
124959 43 29
342 44 142
16518 49 93
215379 54 117
157471 48 82
155765 63 117
214052 64 141
136698 18 132
148644 49 82
94324 38 30
170899 26 10
16502 45 4
160774 32 72
150790 69 158
153276 62 107
81841 39 67
53792 35 34
163815 29 43
102280 46 77
147304 64 18
67683 35 109
197810 45 93
132961 61 130
68346 60 28
79999 57 1
52056 60 162
105750 30 151
57086 30 56
95024 34 123
198925 43 43
110883 56 95
9897 30 140
61928 42 56
111546 24 10
200905 46 93
126957 57 46
31199 41 152
9073 51 8
50875 41 160
101447 57 154
52164 59 37
61513 57 46
80819 67 33
220459 54 30
133631 60 32
5732 58 109
133165 28 49
171392 34 164
80207 45 49
173296 17 109
22227 42 171
176316 37 112
104400 33 109
161117 54 145
167181 38 6
151484 58 124
156850 31 123
115042 45 39
134095 31 107
43215 44 103
126455 51 37
150781 60 94
39185 45 91
65245 36 168
193683 48 100
187465 29 6
137799 48 100
107352 54 171
160900 40 30
34419 64 39
137625 46 42
50093 62 82
67253 49 48
38585 27 67
198971 41 171
139538 33 143
105542 43 93
171808 26 19
115707 39 134
216932 56 162
28958 34 125
215780 42 164
23729 28 57
75251 38 106
156760 42 151
213289 44 28
192120 24 82
139326 60 33
17329 26 6
156554 64 15
135563 27 171
38105 67 164
215070 35 68
8336 41 49
14661 65 89
14498 30 0
36778 47 150
99308 58 74
178793 40 148
204821 37 107
198276 23 100
218638 38 2
182440 59 149
70633 33 12
195334 48 57
101805 39 146
108764 60 74
70975 54 28
16208 34 93
170933 59 143
77505 38 107
217072 60 150
157648 33 93
114688 57 33
36883 49 6
6520 21 12
17130 20 127
909 54 130
6659 53 87
152137 29 93
136494 67 129
209277 64 130
198977 47 123
83816 26 65
169774 35 149
168443 46 127
89919 32 112
149229 44 127
6097 44 112
134224 33 86
154565 36 20
157906 39 25
102472 42 106
154306 59 36
36127 62 140
126639 45 6
192147 51 121
112152 45 27
125902 47 160
207032 53 46
202794 39 3
67116 48 157
40848 45 101
176580 53 40
134691 35 143
113273 38 126
156983 53 67
57934 34 56
67520 50 75
54931 49 71
135813 39 12
190634 14 145
104857 47 47
192117 49 19
117063 26 106
95856 28 10
28556 27 131
200443 45 39
80527 40 146
13560 22 45
100587 37 114
75650 56 120
117170 60 65
185169 28 12
77488 66 86
9396 39 111
2559 27 6
79877 49 84
211766 37 99
114200 62 147
35243 58 148
182472 42 11
134555 66 41
157540 36 6
92798 33 122
217397 57 152
83548 40 139
38223 47 151
81470 53 2
77443 65 130
13801 58 172
55065 19 107
14904 37 30
85219 42 105
33490 39 162
86447 37 117
138210 22 134
157740 61 74
158916 32 84
47513 39 32
173950 52 37
47062 44 169
25534 30 127
158008 43 6
177373 54 129
89388 60 80
138361 59 83
140671 16 83
97557 30 106
36378 35 163
84952 44 109
46302 27 171
109969 48 109
100672 21 87
116440 46 43
72833 49 45
187749 33 18
15323 42 66
11309 45 144
137727 43 44
44730 48 171
180784 56 84
23858 29 110
154767 34 146
195478 42 27
30895 36 119
178276 58 79
98379 46 153
17814 49 102
136185 32 0
162104 68 37
178712 43 93
153652 66 98
194156 42 122
31048 39 44
202673 35 10
34678 37 104
14874 18 125
55867 48 100
166991 64 19
11407 35 109
219621 53 160
81325 40 143
203958 50 127
208625 36 172
134864 62 42
145484 45 6
62791 62 38
189609 50 27
202966 54 62
123203 57 151
25208 42 125
66334 34 145
193396 60 66
218779 50 128
85797 32 102
92395 55 118
19607 44 129
16930 62 148
192222 52 20
201933 36 140
92337 25 151
53084 63 102
103600 41 146
172478 45 16
100680 45 29
35215 45 130
36520 40 34
102370 42 94
70964 47 71
11257 33 107
117012 27 67
51507 31 155
167590 31 109
214139 51 76
148765 47 76
180288 45 18
18903 38 122
15617 65 52
73865 41 168
111296 49 19
15267 36 104
90344 27 87
198987 50 126
33503 41 162
194550 27 143
180120 43 129
86370 25 171
9643 39 130
138196 25 56
186052 42 83
66325 39 129
12955 34 0
212062 22 37
82287 45 60
188268 19 24
19395 35 164
133083 44 43
63749 47 42
215541 47 166
189626 64 134
143145 33 6
151456 35 37
63875 34 105
102024 35 112
145982 52 33
28789 63 140
87938 29 135
197072 48 114
71362 52 73
123683 29 55
212510 31 165
24499 34 170
164424 44 18
131464 29 116
13658 36 73
37283 43 45
78031 26 56
43605 52 149
28467 60 6
50844 57 103
135463 47 88
94958 41 99
203519 29 146
88913 22 87
12486 66 36
162369 56 84
49768 39 93
13561 46 66
7470 33 143
179494 47 15
220263 50 146
4039 12 45
211285 40 157
151201 32 99
165028 61 69
101238 70 106
98197 51 149
46365 30 15
23350 65 172
151580 53 42
126303 39 77
117753 20 20
116961 34 157
111655 26 23
34360 44 3
190504 58 82
36899 24 6
66684 65 157
184923 43 47
214558 46 86
181483 48 40
86670 46 154
748 41 143
172105 20 40
79186 40 4
122448 40 17
114266 44 114
60916 50 130
32670 41 131
120697 34 17
64652 39 14
68464 40 0
127374 42 20
33313 47 8
53094 54 45
76143 44 95
70027 56 29
143972 30 125
124040 34 146
38176 23 9
151804 31 43
85871 58 87
96742 43 45
72329 52 93
19187 59 43
144420 51 32
220454 52 157
69031 57 65
127988 46 118
215185 32 55
190732 41 68
119727 34 56
55029 34 100
171093 57 90
5562 68 47
164641 37 75
181499 62 109
22347 60 32
140285 52 91
54884 41 5
35402 47 115
152420 50 94
138357 60 171
52444 30 5
84726 39 139
184203 28 114
27955 51 126
23682 44 119
102814 44 6
171400 28 162
15606 32 86
131158 68 172
173397 29 162
14489 47 16
81883 60 148
61852 35 161
72219 26 15
114119 39 148
139582 46 104
108192 68 144
212185 32 80
143153 33 112
75768 18 43
108295 59 19
189045 54 18
92625 42 165
39184 40 114
138781 43 93
92182 37 18
162281 24 38
101861 36 41
18395 44 59
205132 33 124
115055 36 0
3283 48 142
85822 36 65
1984 35 79
169618 35 147
208958 65 91
37572 61 48
28659 38 171
113055 53 45
103901 42 93
101613 36 160
172093 65 170
67345 51 114
21732 62 30
39848 47 108
176398 51 161
187298 44 95
52286 29 8
213510 24 93
211277 31 19
191192 53 37
155746 60 148
86880 28 109
111029 46 87
131989 30 34
28345 59 145
115257 57 14
215153 40 15
162619 41 102
29599 52 11
199470 40 81
139080 33 56
122234 36 153
1687 41 171
113098 60 74
45707 29 147
31386 46 45
103438 56 43
190896 28 6
78912 27 64
201462 38 134
113770 23 5
48162 34 124
217134 47 170
184398 24 171
165106 53 104
134201 52 110
147907 44 30
181150 29 115
168290 54 24
173730 48 171
149081 72 112
44156 48 27
43793 35 67
30769 42 109
196591 54 106
165955 42 165
171182 59 45
106870 37 0
97549 49 57
202082 58 29
118275 40 94
170592 60 6
671 24 46
158605 61 125
205145 37 147
25199 38 74
137586 51 119
22113 52 19
144334 40 73
159749 36 160
181010 42 20
105368 43 43
25332 28 31
53996 53 20
148693 40 65
108725 43 61
218630 62 35
168987 52 68
200613 49 62
196112 45 109
87372 33 118
2705 65 137
95679 49 146
98024 35 101
28028 61 153
201240 49 49
138358 40 46
109845 64 139
121730 22 6
195282 49 106
127047 29 93
141131 64 130
117313 59 139
76005 45 19
97712 29 5
140699 38 160
140899 51 40
62023 37 159
54994 35 31
147002 50 146
175815 62 149
408 24 2
212053 20 126
193654 25 36
183316 64 0
44609 46 166
197366 37 143
7491 32 121
19286 43 65
220000 47 124
198643 64 59
184382 36 3
104645 43 123
97647 29 151
20704 56 173
51909 29 45
100368 57 2
161665 30 93
220167 27 88
15828 45 27
84080 62 76
7956 23 43
66582 63 24
190793 33 146
48037 41 127
178156 30 101
99759 68 31
87541 38 74
100781 36 30
219921 50 22
190964 47 40
105742 51 112
131808 40 74
106667 36 146
136054 38 164
142443 30 1
165002 27 145
213120 48 164
137491 30 171
145534 56 37
34582 50 82
77516 21 19
103541 30 59
97797 32 90
184642 52 7
24119 32 80
161546 47 150
74207 56 34
133858 46 143
36966 29 30
97513 44 16
94748 56 125
208209 30 171
79386 61 49
105882 31 144
125177 48 49
190675 63 75
92650 27 173
21434 53 125
137574 34 158
105853 52 91
106157 20 99
215347 53 136
151198 26 109
44336 28 56
65719 67 84
2907 61 94
164670 55 119
12629 64 161
88283 48 66
72557 64 164
76393 36 160
38050 53 50
216216 45 26
88046 61 64
1414 46 116
70187 31 48
194956 32 131
29094 34 171
65697 57 56
81019 43 44
128495 35 139
196066 68 67
17456 41 100
154067 29 151
107378 61 37
70126 46 125
59436 50 114
82301 60 36
204218 45 120
149152 44 143
73231 55 18
99792 56 164
13877 31 8
188914 55 31
111565 68 29
111212 53 121
38657 53 67
3762 64 101
87506 51 36
30785 50 48
129454 39 7
48236 47 164
114476 62 45
92616 26 10
85320 38 151
84477 21 96
104782 33 134
125191 51 41
185024 28 45
76340 42 147
94811 40 140
76048 47 94
104800 62 142
82098 39 6
10806 47 45
91933 38 119
193298 44 56
126384 53 101
72032 67 72
32244 34 43
216093 33 127
79382 44 164
4254 69 127
65626 49 162
155049 47 62
173036 21 122
36908 56 32
85793 56 149
13797 61 144
59318 63 148
114377 35 68
92451 36 49
115861 25 114
120172 41 87
120508 46 46
139703 31 153
129636 43 89
133422 57 144
4097 38 18
40239 61 141
138167 53 45
86752 60 3
70335 58 168
6077 33 93
126100 44 151
70924 47 10
100248 56 28
58611 38 160
172189 19 140
112014 48 97
6322 41 147
140941 28 31
47403 40 125
80922 40 107
91419 36 104
153197 54 107
22604 49 150
216118 51 140
104333 41 107
26399 30 80
8509 39 123
104016 47 126
193835 68 18
125552 57 129
84732 45 8
142724 36 11
141835 45 107
155902 27 0
200400 41 29
77873 51 138
158962 46 54
181952 57 62
97695 64 20
155346 58 62
65349 35 103
145208 27 171
208220 46 150
53778 46 42
63462 56 125
111151 57 118
182571 38 160
145596 37 101
31692 40 30
77264 51 37
200254 35 87
27434 64 1
150519 41 100
28352 37 114
93297 48 91
39495 25 5
110524 35 151
164361 45 31
184152 39 153
137618 42 28
101715 33 148
25465 32 154
218591 33 72
177106 47 42
116126 60 142
91341 47 126
196387 43 94
119593 53 157
88433 61 30
94539 61 93
3085 48 71
214835 51 10
55524 30 93
6002 43 82
50972 34 148
50762 45 19
130111 71 130
164828 44 30
154969 51 18
46788 32 36
51986 29 110
151133 56 37
73476 45 99
200140 37 93
139896 29 107
8184 38 81
147252 45 125
170268 55 19
194492 66 101
19441 30 151
70971 32 127
5961 45 15
164467 30 65
167729 33 66
66208 37 42
213436 64 152
68014 64 171
176099 63 164
166978 64 69
41052 48 143
51715 54 5
56861 47 85
89278 47 157
56965 20 85
169930 51 128
28979 42 160
105080 53 18
147500 31 150
104920 50 18
220818 43 100
46887 45 37
83471 52 85
102834 33 146
57986 36 57
154339 36 107
71142 65 84
168426 37 127
163460 18 66
18163 59 18
143306 38 166
76449 43 107
91706 36 100
184790 58 50
179301 54 130
197062 46 114
69015 28 114
213967 65 45
204750 47 48
194695 34 74
209506 27 171
3720 29 134
199496 42 14
204434 21 73
69685 57 99
22035 43 56
129623 37 3
94319 42 164
161396 45 101
84843 44 20
63245 51 109
72375 53 30
26379 37 135
29567 55 75
71836 30 8
2463 35 123
140428 61 43
166552 29 135
71429 27 168
212012 40 109
199237 41 115
65475 30 20
12113 54 87
78537 30 164
218814 43 152
100204 29 40
110839 29 151
74333 50 15
160399 56 28
123442 40 86
43406 41 162
68066 54 18
131744 40 146
12986 29 104
112019 43 114
106182 38 27
90861 39 27
51880 43 131
85406 55 129
17525 28 94
179710 54 164
15331 45 152
21467 51 99
174933 57 31
133125 37 106
129733 58 120
60846 64 72
107669 58 170
113363 64 150
629 52 70
30268 36 140
208692 59 40
60864 40 88
72442 22 125
159049 39 37
189114 39 101
39484 48 68
55662 25 109
109270 48 26
189066 35 12
173684 23 132
8203 44 164
117072 52 172
99854 65 120
88492 64 8
100389 54 63
215981 46 171
82025 51 27
138584 59 166
161176 30 16
10242 63 91
101191 31 140
199142 34 135
90118 45 171
11917 40 40
35858 47 149
205563 51 27
13084 31 43
89529 40 150
200843 47 127
123605 48 80
102291 48 119
170393 54 69
96493 57 120
143442 27 144
160456 32 107
19076 53 45
14291 38 66
14896 60 106
150880 52 153
89679 54 92
211719 36 22
35078 54 9
157254 42 165
68235 51 164
2413 61 15
191638 43 68
9604 58 164
45327 57 101
57927 51 95
103037 39 108
196210 34 107
174979 25 56
52765 58 84
156186 63 57
34065 58 1
45248 29 101
138891 33 31
202293 71 48
166090 40 37
169332 42 144
49344 52 40
3477 60 5
73320 50 167
31307 47 135
200262 66 42
84495 45 116
61721 38 168
45646 53 94
2721 41 101
186200 43 126
16954 29 101
50503 61 90
1873 38 42
58093 40 107
77278 67 129
192607 27 1
140459 24 33
10995 41 30
88384 39 77
47245 54 125
89971 37 16
217563 43 148
62539 62 68
135482 64 18
51074 48 102
115433 49 165
90601 37 36
208027 27 23
147220 28 112
34088 35 146
184953 30 122
94942 18 145
198221 48 66
31950 61 101
11245 45 118
16777 40 96
192721 51 106
157161 21 41
130088 33 152
62843 33 108
193370 24 67
35907 30 19
91864 30 114
74520 54 87
11889 29 94
31076 27 102
92757 69 144
156681 57 85
97265 46 156
8346 32 73
90009 33 2
5526 36 105
17388 47 127
210956 40 74
78381 70 125
99150 37 157
109478 39 73
72769 50 36
116152 58 130
220731 53 108
118892 24 164
73224 45 101
24240 40 164
77207 40 102
40831 42 109
7324 51 10
166270 63 48
136498 35 133
176324 61 74
12785 59 10
195204 52 150
69991 58 32
37410 28 130
95046 29 100
202202 24 152
204412 57 59
63333 34 55
76271 36 104
103451 72 99
152062 38 17
89182 62 145
69605 67 20
17770 31 24
189095 65 15
101497 53 30
97023 51 68
199821 65 35
423 50 110
133563 34 15
177142 55 46
157154 40 86
95914 46 71
88280 40 154
158948 37 55
53589 32 124
42705 39 129
150627 49 170
9712 60 17
4875 63 49
51451 54 126
99364 64 48
68289 60 14
80716 28 151
90070 36 67
48169 41 153
206375 32 36
176596 34 100
33141 40 100
90597 36 101
93169 40 66
106952 38 107
92290 51 56
144338 22 127
121684 28 50
118893 55 86
200742 42 68
218039 27 67
102676 55 130
27412 58 42
45437 44 76
4259 32 81
27240 39 152
56053 38 19
139600 30 145
44877 58 0
194254 27 38
11144 55 18
54533 64 119
195331 38 151
206801 64 170
62511 50 74
95580 49 146
43838 24 149
108189 55 67
117123 28 146
97332 47 136
4325 41 11
40108 64 136
41738 42 23
162241 67 43
174153 33 130
148933 34 124
216334 61 38
197541 24 114
30154 67 34
15797 39 68
16117 36 62
19445 37 85
168296 29 11
15169 35 114
68628 62 27
62549 40 164
145899 32 28
84758 41 15
64869 55 147
147729 22 99
6736 50 75
111403 32 34
120846 64 130
90576 58 146
140300 41 2
746 34 83
56995 27 71
81431 59 17
103196 23 167
117219 47 39
106156 37 43
126664 17 15
196472 37 155
139361 58 3
94211 67 169
7327 66 169
8212 59 74
148079 34 101
45420 31 55
23116 55 153
180332 40 157
135395 55 22
168460 45 138
181891 36 38
101289 44 103
114808 41 167
3688 65 38
38538 42 21
168220 56 162
34820 70 112
200356 60 162
14027 35 79
162160 15 146
77729 30 20
175711 51 56
155744 57 46
33878 42 41
102372 51 137
153424 70 89
109411 37 19
10489 47 135
146442 34 125
174541 59 32
102438 33 8
182050 39 86
212331 50 50
168994 30 151
114517 60 32
158599 44 105
139470 51 110
4339 56 29
8539 17 18
188564 28 102
108527 30 43
72146 64 146
94178 31 132
218454 43 73
62979 49 27
70615 27 148
198566 51 36
27195 46 31
61833 47 36
154524 50 66
204830 37 69
112836 37 28
39282 64 90
2637 65 31
136378 61 98
103094 40 156
107895 44 117
9141 44 66
23444 46 113
8182 49 124
215684 62 149
181730 54 74
110017 26 106
3675 58 50
69314 41 94
140111 47 140
82307 53 160
79502 51 134
205393 29 147
191847 62 44
65094 66 60
154151 47 31
62773 37 134
75934 42 5
29366 36 15
76828 64 34
2748 52 15
39447 33 99
1110 59 128
217377 26 125
73837 21 11
167987 34 122
51373 16 145
8217 29 155
39391 30 23
14750 42 70
213728 69 2
12855 63 79
199990 30 15
115362 61 153
138434 27 56
17798 38 153
138113 54 33
25471 51 147
97132 58 131
179419 42 75
117593 26 99
144886 41 117
163477 29 17
111553 56 67
101847 32 62
81517 23 43
36934 35 0
210467 58 124
89178 36 95
214809 37 20
113445 41 104
152571 28 160
196616 42 130
160599 63 160
200173 22 57
46909 28 11
63804 34 166
138125 56 121
2335 62 170
127471 30 135
116867 41 28
163191 58 172
89954 65 143
165982 61 78
17742 43 87
180210 50 101
14319 44 100
154085 54 42
49867 53 31
156379 43 173
209715 32 135
4837 43 148
179811 51 66
91576 39 15
130122 32 155
61356 31 107
210639 47 39
140840 39 12
157808 53 59
29596 48 59
86140 68 85
20397 39 79
106739 40 161
142665 46 148
195931 33 153
17443 57 86
196766 69 49
145450 33 98
201389 43 73
86713 52 100
216285 34 127
27401 22 157
10248 61 161
19921 22 10
9300 67 86
131845 39 83
95484 15 100
100588 68 122
131002 33 150
109867 37 124
65776 64 48
90362 62 24
182306 64 163
89862 34 143
89172 31 56
38560 18 43
46504 40 77
151695 64 0
123753 48 30
169326 30 134
65551 37 148
182944 64 66
43951 48 135
14693 47 37
70832 67 72
159936 41 154
118211 30 104
41989 17 95
52819 42 86
156260 39 28
85242 31 16
164279 37 81
112924 43 11
155307 33 32
59834 43 107
211669 27 15
29257 56 35
197957 54 145
100554 30 23
190999 48 39
111150 38 86
188003 43 75
70573 29 55
51190 55 125
100496 63 90
41429 58 173
109870 32 153
205704 49 142
192224 53 94
20542 21 149
198356 40 86
164635 48 86
80464 41 147
46834 55 75
22193 61 27
140572 46 11
139426 59 0
187199 38 33
91978 66 125
217461 46 135
76177 50 72
201893 43 28
146381 57 157
26135 53 172
152056 23 131
14442 42 149
177069 45 41
12971 36 55
114162 51 34
27363 41 73
17013 63 108
209698 63 151
179778 51 100
136439 70 49
139731 62 76
62027 31 16
26856 51 111
60089 35 94
118449 50 12
119375 55 81
165765 37 123
121861 26 29
66377 26 135
38315 48 44
192691 48 98
96003 42 16
2804 45 40
11882 38 11
27876 45 9
206758 39 126
46227 59 106
22038 49 135
93007 72 162
143406 50 143
182880 47 37
33887 48 37
120762 47 150
15711 50 128
217216 20 8
69154 42 29
197253 57 80
179123 36 148
156363 15 27
52526 33 101
184980 51 112
143980 59 26
9885 26 22
125430 31 19
76305 46 16
176632 46 20
121942 35 169
86031 60 1
184309 61 55
170378 22 107
132302 43 121
98051 51 86
129740 30 23
25595 27 132
129403 55 94
41359 40 86
76911 56 114
64642 61 112
112849 42 0
87399 66 87
83991 24 56
63713 28 145
157050 32 49
92918 58 87
86879 44 47
28188 54 78
173188 41 147
114950 31 147
218556 51 15
855 37 167
84938 42 28
27623 69 34
176145 22 101
58548 30 34
200063 65 70
147824 39 56
26301 56 28
105140 31 2
89788 23 108
196378 34 133
50665 29 9
181208 59 47
87704 36 149
2482 62 48
7250 37 130
40242 57 1
89408 59 48
136769 34 27
122612 68 59
173680 38 95
4099 56 168
42547 69 140
113197 31 94
13534 41 150
1920 49 87
140563 66 72
4954 63 12
211446 65 32
41089 44 92
45595 29 116
127190 47 159
194568 27 67
120419 31 143
45184 34 143
27638 33 72
107113 27 145
106037 67 108
65797 29 55
203813 50 66
10971 20 98
181533 63 150
212342 65 149
35980 54 55
176859 64 1
148702 37 31
181795 34 56
215511 33 23
77036 51 168
27778 45 28
3279 36 110
164057 30 19
153509 24 132
109738 65 139
77351 44 19
130332 48 120
77856 35 28
25743 49 89
69654 44 158
92490 47 100
194502 57 167
175951 56 37
31721 65 148
60488 62 49
109428 51 34
33852 48 170
127896 40 5
99852 48 0
134570 22 172
167634 35 112
114503 57 51
19510 34 118
21815 34 147
187689 29 112
17735 59 160
183818 45 106
130815 65 31
107492 62 105
168722 37 11
183271 29 9
3787 34 150
140647 62 84
16839 33 99
84722 45 91
42887 61 54
26615 36 95
213424 30 122
188903 62 46
78023 36 17
130503 49 149
53689 40 17
211926 46 54
171738 45 83
22990 43 135
194412 39 105
48461 55 41
175791 32 57
144951 28 30
19949 41 138
4765 39 91
147842 46 108
28442 36 46
88442 37 90
94756 29 162
160398 67 74
73720 60 167
7155 54 108
129278 62 2
68968 63 120
183341 46 99
104322 32 122
26186 51 33
95814 53 67
25443 52 68
189888 56 46
196001 67 49
131076 43 85
171222 71 120
135739 67 11
130626 15 97
134660 52 44
86236 40 14
113872 28 38
218751 36 73
150721 36 80
191920 54 106
149090 50 1
5915 55 149
25949 44 127
21235 41 73
104657 59 57
175612 39 139
193700 39 17
133893 47 154
112630 45 157
184225 28 27
28046 46 140
9831 43 86
180421 51 105
34198 51 5
79040 28 129
205943 42 124
20816 64 141
207848 33 143
135362 42 145
165041 44 49
47383 19 157
200801 50 155
164829 32 106
71447 43 127
80157 56 16
82347 35 4
89607 30 106
178618 61 72
21478 61 127
25412 35 10
212805 42 126
84475 52 27
125864 33 35
130547 23 135
10060 51 130
25425 48 129
104763 44 94
164206 40 153
42448 31 75
202708 32 147
47253 56 148
169316 28 80
81327 41 66
212703 49 31
3713 37 147
150013 29 31
53420 56 33
18650 55 106
150414 57 85
65804 34 100
99261 43 26
184174 33 116
215972 33 145
60880 60 172
42982 49 87
5848 58 29
51861 41 51
158582 30 65
119924 33 31
205596 32 48
80790 34 9
79027 44 94
200084 36 88
6094 58 16
62809 49 20
29230 46 22
35296 33 130
120226 57 0
113426 37 147
116715 40 41
186070 41 68
148917 61 123
169428 64 28
208937 31 28
108655 29 16
112332 31 125
203749 38 81
178862 54 48
89515 57 145
172866 34 65
65204 37 147
203034 48 46
108208 57 104
328 40 154
117108 67 135
14111 60 23
58259 45 55
82108 41 104
171742 48 147
102262 56 148
126620 37 135
16081 57 112
154045 44 55
214612 29 87
168254 69 86
15476 37 30
215702 40 38
43984 51 11
4007 61 154
82812 58 99
96820 55 74
19444 43 35
158689 65 140
107395 59 0
152219 63 126
116651 35 114
34541 49 36
134010 47 56
11849 32 67
197370 61 2
182413 26 10
50610 26 59
96070 36 72
167113 33 16
23758 22 132
60627 52 59
198727 42 65
121406 43 110
45981 31 172
126739 69 28
7190 48 111
71220 50 144
72888 41 4
53880 43 145
159744 30 16
197687 40 75
99816 56 118
46046 69 144
110611 63 53
200523 59 61
120961 51 118
98040 29 114
214530 55 39
144216 26 145
140276 35 9
6761 39 135
147883 27 85
211631 40 28
75780 56 166
169873 41 36
78263 51 36
173779 64 57
27380 65 7
73069 50 2
32898 47 31
40562 35 122
114788 45 12
160266 56 20
74955 39 165
98759 16 160
46611 29 112
120894 63 47
11250 71 40
40890 60 68
96196 55 16
59699 34 114
181541 55 120
175449 56 82
52724 57 99
105024 26 67
48306 52 38
66818 61 153
76767 59 83
157795 59 67
97352 54 47
77098 35 30
155089 38 74
115975 55 172
71822 52 27
144913 41 40
120666 46 105
54482 67 152
168177 28 83
196938 54 42
13356 26 55
190233 35 61
37256 41 152
119143 48 134
60827 21 46
137802 39 145
27907 63 169
118331 36 102
201798 69 105
173136 49 166
101165 42 20
163588 58 129
55977 41 135
105885 40 79
125133 38 67
176325 58 59
185486 56 41
183063 52 84
150538 47 27
211518 27 139
101204 51 4
142415 64 16
96293 34 72
216538 47 86
185673 45 150
119872 70 170
37676 50 82
216423 67 34
61467 57 66
215314 38 167
167883 41 121
183749 62 108
147933 67 160
51748 36 143
218211 35 155
143047 62 29
178812 50 10
148146 44 4
111087 63 79
130727 35 71
29217 43 160
200924 64 131
66196 47 26
71340 52 23
33369 55 150
162261 35 117
113361 36 143
82805 58 5
89368 61 104
117488 50 162
48199 50 139
201613 40 169
199727 40 70
169862 35 103
51212 41 149
140324 22 135
219947 60 149
123110 65 39
93792 31 167
116022 27 24
20032 43 36
88201 23 7
77003 12 11
57030 71 140
193225 45 82
88537 46 67
48887 29 126
55194 54 82
208246 21 82
94050 36 17
187110 56 127
150166 31 149
115666 16 22
157037 32 99
44182 21 23
139881 56 17
184894 46 46
103643 43 14
92544 23 54
10638 44 104
214325 38 39
75955 65 128
61680 58 12
78567 49 7
140199 49 32
77826 46 122
147103 54 158
85397 42 127
15623 58 131
197485 34 65
134022 53 7
201248 32 52
167694 59 162
22731 28 67
182752 48 87
39859 66 108
207983 27 173
151583 53 110
27128 63 71
91055 30 99
94515 51 76
11910 46 42
70332 36 50
67706 60 74
122045 55 108
55086 36 27
81221 61 44
6165 54 155
19347 61 105
213517 27 42
131572 40 2
189866 53 157
112977 43 55
39548 28 47
42889 64 160
152354 21 9
128523 47 35
156704 63 64
75846 46 124
67533 49 69
84067 40 169
85399 38 80
4576 48 17
143013 35 112
10512 45 104
28561 42 38
47295 50 104
177169 58 102
10157 29 122
87441 62 89
189264 52 65
15793 44 68
96372 29 73
213461 60 102
89929 27 87
129983 60 118
155908 32 33
207733 49 33
147419 21 145
23153 32 152
112703 39 38
201911 63 29
19933 52 55
157785 37 21
47183 33 150
1180 27 9
74906 59 48
218970 35 85
177386 43 168
31968 34 49
2562 65 5
84142 45 134
65918 39 36
66358 25 11
108105 61 99
73522 49 81
99947 48 99
107102 53 68
81871 56 120
175195 30 102
10245 43 38
22161 27 165
98728 42 17
64505 29 21
55989 41 99
84933 35 133
75138 31 16
1417 64 33
203994 53 128
74992 61 9
33680 35 158
39789 51 10
47712 51 129
154351 31 86
163192 66 39
47919 64 103
201685 56 40
215805 32 22
66308 50 158
198601 45 84
36564 65 0
39890 36 147
13283 36 147
39770 53 12
201809 32 53
127371 18 138
157388 37 72
173621 40 145
192384 27 83
86368 62 11
5284 63 104
20432 68 27
103150 42 32
134278 65 13
175128 29 24
34784 41 12
148345 37 97
135830 47 34
119168 58 36
205875 34 102
218617 53 21
2511 58 11
207530 29 12
37755 61 32
204081 40 68
2744 36 49
174395 40 126
50592 68 1
137081 64 46
77072 42 17
47539 65 66
82219 43 110
155337 52 60
185636 48 49
134609 39 84
107278 66 40
158783 59 75
66125 57 83
109183 53 72
35160 59 88
199769 52 144
202865 32 161
56145 41 80
158199 62 144
118729 29 150
110903 34 44
9168 55 68
54469 48 66
30867 30 102
64807 20 46
119070 42 36
104549 45 24
39631 23 20
6614 28 134
58211 17 140
50151 49 57
48469 67 60
37542 38 112
117653 48 83
137746 57 112
46972 55 121
201443 33 120
84392 34 110
76575 42 103
107616 39 73
39013 23 159
202242 33 110
60092 59 153
188590 69 170
89088 37 112
204694 38 68
181322 39 10
213081 47 29
140854 42 7
33149 54 108
68697 34 53
140405 60 131
134757 66 64
122028 54 139
219802 36 166
131399 65 20
85055 34 34
204877 55 49
28238 32 74
96054 49 64
17309 37 16
23949 45 68
214471 23 134
25134 46 47
179896 35 55
177242 34 73
85802 34 0
213364 31 134
168046 52 85
86924 53 134
60194 31 168
117796 40 36
1493 59 39
23452 43 120
200306 38 12
137996 50 36
32728 57 158
159064 41 26
173511 31 98
153866 69 41
118307 50 144
50953 67 120
7777 49 12
186480 54 39
136865 37 5
187118 59 142
192430 54 128
121503 19 153
23328 38 80
66898 36 103
72308 63 113
132246 66 57
124518 71 172
6003 39 98
64728 39 66
125370 26 89
65524 35 34
144473 14 16
60632 59 82
14128 61 35
31023 51 119
95273 37 133
121322 66 144
91710 55 14
77713 26 23
83238 39 81
34892 46 72
201508 36 55
93628 43 68
125420 49 40
194602 32 120
36344 62 42
213585 42 90
71823 59 119
56933 60 46
176151 53 166
93530 48 162
139519 60 0
215238 57 170
185986 46 5
15695 38 122
81908 64 98
82719 58 110
38877 50 35
113017 61 104
149502 47 98
200727 48 62
29855 24 158
11869 45 26
126737 34 11
70915 40 11
84388 28 155
51328 52 0
14628 39 158
148729 51 121
29144 16 113
173286 40 23
200002 69 129
25607 29 4
145796 60 24
35031 57 150
146703 67 105
96640 50 83
153373 46 173
89647 56 62
112229 48 35
137930 41 150
174485 64 157
192603 46 81
188604 67 129
203399 43 124
74123 54 124
78971 19 127
181446 59 144
154850 43 90
15794 66 84
13348 48 110
208637 37 154
141409 27 10
50403 51 170
111382 28 17
51998 36 72
46690 38 55
209664 69 65
71657 61 104
52587 63 75
197544 47 24
122686 44 96
48453 31 74
170811 47 66
109299 36 73
4185 57 96
85930 36 122
179201 32 89
17449 60 72
168132 52 154
71888 42 155
51289 54 79
78781 53 12
96302 56 21
188286 36 75
93080 44 73
141779 61 26
36685 43 7
8859 71 65
60662 40 17
80665 49 72
194244 35 120
59716 35 119
38848 42 38
96855 44 129
58100 40 110
55342 45 55
211362 63 152
188747 54 162
192316 60 161
42324 49 140
150943 45 32
158888 49 48
106176 27 49
75445 39 172
140318 49 124
62223 32 167
94069 59 144
7399 23 89
21249 60 23
34753 31 83
135777 37 138
81239 60 46
119646 41 71
199 67 38
6525 27 83
219961 53 10
27740 46 76
49291 62 83
62387 40 103
165182 43 168
86630 62 103
173391 56 163
153435 62 81
152669 42 153
110006 47 118
128714 45 11
2745 39 152
198074 60 2
175561 66 138
155063 28 105
215243 53 134
52313 46 72
130963 36 65
168400 49 14
38362 31 104
25328 38 152
108068 45 17
186793 56 85
183563 41 119
93813 30 22
18658 47 173
188470 43 116
25754 36 154
187631 31 122
143471 44 49
220206 46 103
147544 26 42
32923 30 55
21638 21 5
199007 61 144
178818 54 52
111320 34 73
172502 34 167
144573 50 64
71139 70 73
180424 62 71
117973 47 152
202614 58 70
17271 37 159
133655 45 105
110072 65 2
37003 44 97
76905 17 83
123811 54 14
154640 33 29
13108 37 50
120506 49 46
58996 60 62
131684 35 140
73012 44 46
82914 60 50
209673 62 70
113215 29 83
74188 13 95
93418 42 5
174295 39 139
115993 64 73
84696 43 173
55904 31 73
71723 54 21
214270 25 126
162287 65 17
174643 63 168
32069 31 95
178105 56 8
22722 53 89
122834 60 32
42432 48 83
218588 15 5
109495 39 98
170389 24 23
22288 27 82
201675 47 89
185148 21 79
182980 60 82
89985 42 33
168868 43 165
22351 38 165
19460 39 105
90841 53 41
90907 27 140
109997 41 95
178270 49 118
69598 69 5
117093 46 141
150673 50 126
37419 34 77
172772 31 117
133429 39 104
85419 55 41
60450 30 162
156553 58 75
104655 38 117
137580 42 110
88525 57 157
43865 59 32
208042 62 59
31700 29 7
190744 46 113
119832 62 152
162018 28 69
160695 32 140
210021 23 156
197670 41 41
16085 59 165
33147 23 64
68173 60 29
102614 31 108
198329 49 170
150906 59 133
166300 29 23
164666 51 123
160300 61 88
126478 36 10
87636 61 167
56151 32 24
34778 48 121
84143 31 97
198629 43 102
117652 40 96
185332 47 40
177103 39 153
159669 48 77
60298 63 2
218896 41 155
208003 63 24
165167 55 167
92392 24 17
184740 61 155
204408 48 76
95673 36 47
170219 56 63
213921 42 166
76669 52 14
55800 68 2
77552 25 132
69104 33 117
119327 58 82
160799 54 120
206827 51 108
165152 53 44
11293 55 102
98213 60 128
168322 39 119
203447 47 142
146075 67 42
90170 62 92
14911 50 77
38123 33 77
92472 33 103
38464 59 122
162539 42 60
138407 59 32
196886 32 129
111991 56 108
34231 42 167
194744 68 170
69178 41 9
84801 46 17
17238 35 1
22031 46 155
203723 38 98
34807 50 5
200637 43 14
210018 50 29
153624 62 108
70020 60 167
102434 31 23
180368 58 124
82964 15 38
150986 43 8
191124 19 81
215557 44 33
113211 71 42
75771 26 95
134147 57 128
110575 28 91
48764 47 5
89030 54 48
143600 34 132
190747 44 47
49624 43 42
153980 47 166
162648 43 1
38106 59 128
193977 52 161
16103 64 90
206192 21 8
56443 47 166
142124 53 62
175275 35 81
24267 43 126
180241 22 156
209428 48 75
115527 65 156
85416 60 173
111406 38 12
171498 31 162
32779 39 139
213614 53 168
78329 23 23
32830 41 95
79976 43 167
82324 66 33
107275 40 41
9325 59 3
132546 55 129
198232 55 3
140456 24 9
9936 33 133
56222 28 102
126047 36 123
108551 52 105
143708 45 75
191072 54 173
155811 50 129
35154 60 32
215774 36 121
28206 44 33
110559 52 80
181351 29 65
84760 48 111
162996 35 22
7466 57 122
80294 41 29
30662 15 40
108566 42 34
162832 49 119
21849 70 7
153489 69 90
176774 63 103
46856 34 83
167569 45 85
40200 40 132
166921 46 98
146704 67 40
119478 30 134
108222 55 10
220476 50 61
98645 64 48
145970 34 121
65911 57 41
113957 41 82
198210 51 169
154909 65 102
9105 38 33
115195 49 128
66460 48 1
158827 60 139
105375 49 9
21551 41 12
7416 43 79
111018 36 98
100074 44 57
31427 46 123
140939 32 24
156239 52 12
109130 44 123
22366 27 14
214073 54 134
112911 51 38
210784 47 82
18430 53 85
153523 63 113
82374 60 32
42917 35 121
41759 33 172
155761 45 47
183883 64 80
55370 31 102
83085 21 24
35363 58 172
193879 44 156
178451 43 41
108045 21 65
70130 42 21
180654 46 29
190217 31 122
14650 45 116
166825 35 14
181720 41 134
75254 36 128
92007 36 57
46917 50 102
216008 56 1
70447 38 103
149679 30 81
208998 24 80
6930 48 165
19578 54 44
213839 49 123
15810 28 72
43588 58 90
96338 32 155
145949 38 57
108562 36 157
162923 69 32
169268 63 161
92435 44 111
140862 41 126
145577 50 115
74703 53 172
187412 61 95
98558 47 154
116552 31 105
112989 37 69
128340 62 162
131390 70 48
193641 35 139
103343 69 44
141309 61 35
53608 43 140
47909 37 41
148625 46 71
154393 35 168
75892 63 82
8553 43 157
178330 44 61
44915 35 161
187873 32 119
59718 51 154
14832 60 128
218401 71 170
213776 44 120
39223 28 64
195168 60 169
163948 45 165
73449 55 119
176344 61 62
187918 18 132
45932 48 65
602 49 120
115140 48 48
162011 61 3
30960 43 33
213395 41 123
150333 58 166
84858 60 92
104150 17 97
78138 13 61
154523 40 59
170135 51 156
125217 30 139
126751 51 90
180006 37 124
160524 54 81
90247 41 124
98578 30 122
153653 59 22
112936 47 117
206296 48 13
206056 26 51
176586 59 54
61129 66 120
60848 42 47
212991 62 92
100987 50 72
15929 23 173
192991 37 103
157100 48 47
179679 46 173
42339 36 48
44619 56 77
89191 41 90
186394 49 166
17147 32 154
24203 66 7
181035 41 139
211401 42 157
145366 61 65
63382 37 168
213264 66 116
178459 59 59
35789 58 29
154302 45 14
171744 38 154
30479 29 34
132403 38 1
213480 45 21
135123 68 162
114657 37 122
85980 39 98
38637 56 91
182555 41 22
78606 53 62
215349 63 120
70119 46 29
217953 72 2
192318 33 9
182933 34 23
178692 56 3
3556 19 97
97907 70 110
8020 20 89
78593 48 118
182819 64 88
93575 64 21
168329 33 105
159086 58 98
137884 65 89
164612 47 7
22087 46 121
97964 61 23
203150 42 1
71101 46 121
17199 41 41
89105 39 123
1993 50 97
14761 55 170
186750 36 71
118000 26 39
173418 39 110
206539 38 14
64189 45 39
194354 33 152
187304 65 70
51604 58 116
143408 64 2
105414 46 8
139252 31 85
158415 68 97
154212 51 111
116623 28 47
76371 52 121
9201 49 89
139694 36 22
86082 28 103
68764 51 169
185954 45 166
117434 42 123
121141 24 95
161232 53 155
182763 39 115
159507 38 123
28995 47 3
129076 57 21
97672 15 91
120611 49 116
116647 38 85
109669 46 10
183560 34 133
59478 43 98
215004 66 113
68042 56 166
34107 46 41
82771 66 139
144548 25 78
8012 58 7
177395 36 81
33929 60 172
135724 39 124
208696 53 64
62667 30 173
78463 64 123
118676 44 3
207327 55 35
68180 59 34
186578 53 96
214531 31 166
211110 45 1
205235 58 156
57204 58 52
200943 50 71
154232 33 81
117427 43 167
203312 39 163
78828 47 144
118973 69 163
104696 53 82
122944 65 144
32677 31 57
182441 39 8
82962 49 89
95426 47 103
19384 46 113
132349 60 2
203136 41 47
35955 52 156
173408 58 39
163361 50 144
19725 50 47
2846 61 3
174932 31 117
24714 29 110
59556 34 133
116711 49 96
112778 54 84
166168 70 76
42890 30 62
102351 23 23
157630 64 88
135736 69 7
20611 58 69
201239 38 167
211253 36 167
202990 45 142
124055 45 51
113732 60 35
11137 48 103
206099 29 121
179352 52 172
202734 59 26
141614 53 84
63402 46 97
138348 45 81
146991 54 78
106350 43 75
28154 68 89
49394 38 2
146777 59 35
209665 18 97
84608 40 81
214479 59 172
146638 51 44
100543 42 128
18896 38 170
110102 20 54
188881 66 85
166681 54 139
127383 64 103
55400 49 167
158883 31 154
129482 62 123
60907 37 167
167980 53 121
119307 37 8
39907 44 118
53042 59 124
58912 54 170
104325 31 121
200387 47 84
106296 62 21
42091 68 156
151084 60 69
215829 52 133
79007 54 117
1512 32 79
159043 56 163
86505 59 138
80816 43 98
5296 22 95
96368 21 26
126794 67 62
69062 51 119
25940 47 117
20358 42 166
130948 25 156
47526 70 22
209346 57 80
136250 47 119
152776 54 166
216504 61 50
130839 37 165
18419 59 168
59871 42 121
57393 40 119
76445 19 156
16531 47 53
147211 31 163
82197 60 14
203463 63 21
37050 55 154
150014 29 161
96303 15 9
185324 50 152
113878 39 57
130077 59 70
7378 49 21
38694 58 88
107569 61 14
186008 54 105
132730 38 166
150666 40 156
121862 49 44
169181 44 76
29074 51 21
173818 42 1
88326 60 85
131703 38 95
30675 64 113
219152 47 156
155010 52 7
189059 35 8
55168 54 142
153457 51 121
105174 30 24
163278 50 139
52382 68 139
201004 46 128
141793 38 80
155148 36 155
219468 33 154
60519 43 22
10120 61 115
9419 43 8
68701 51 173
93226 47 75
159067 62 89
53715 52 79
153979 39 1
62494 53 97
144821 65 84
10688 43 53
7874 45 138
95677 66 14
194276 66 161
48643 44 126
184119 60 91
192229 56 108
196413 52 22
143658 61 9
187180 36 69
207017 51 118
94769 46 47
16187 49 85
90492 30 95
36387 33 44
204804 29 8
88420 23 53
17275 60 173
67667 28 133
162276 50 59
9796 32 80
198134 17 97
172356 31 155
131749 54 57
48146 29 173
128651 54 84
40174 27 126
195382 15 91
91719 42 89
203551 54 128
103384 18 9
218918 39 4
35291 65 47
5516 62 132
183175 33 154
8791 35 155
130560 36 47
119654 65 39
180824 49 76
135699 61 61
138936 62 142
97698 37 3
169400 57 69
114303 63 69
153329 37 3
214209 41 44
11390 61 39
67403 41 8
118178 26 76
108649 38 159
182895 28 9
39839 57 44
84695 29 71
9539 33 173
83736 69 22
66008 62 71
139924 54 71
74296 43 97
129384 49 141
74715 59 21
6588 49 95
88720 52 25
165184 35 155
177578 56 60
60342 50 169
177302 54 141
56019 61 124
91477 42 168
72983 68 75
209381 40 44
60003 59 44
70597 67 97
120479 56 173
174450 29 133
116268 46 80
54048 48 98
109280 31 132
100835 61 39
84103 45 168
151308 63 59
61588 38 117
86735 56 108
26032 57 61
56491 35 79
8883 43 169
202346 72 60
180792 53 76
34934 48 21
201550 38 84
172063 43 54
148341 64 24
151248 50 105
186830 58 4
39050 32 172
65540 62 90
146747 56 64
64081 48 96
2874 64 69
54564 43 14
74275 63 9
117090 62 116
213293 25 155
97463 50 60
128348 40 117
83184 35 71
83555 18 119
147642 40 168
115320 31 22
175782 33 113
166203 55 142
190960 60 173
197243 60 4
147514 61 90
149718 41 155
80469 50 1
207345 49 165
82854 42 71
54886 63 70
201673 60 22
219927 45 21
120440 50 163
1748 38 169
207315 66 3
138890 50 35
80336 52 57
202791 48 111
74573 54 111
83919 55 52
152603 43 59
8854 26 57
138682 51 59
159058 55 59
181833 62 136
32187 48 90
150842 19 75
199011 63 38
111533 31 26
119158 44 77
53951 22 161
109464 45 142
137311 60 141
112225 34 159
193639 31 168
205260 53 91
107183 66 51
147081 48 53
201310 48 57
182154 29 98
27489 53 141
88464 22 131
75491 32 24
186479 31 80
20771 15 131
201244 21 168
73514 51 54
5121 62 137
193307 63 113
2217 55 97
205781 40 90
190072 66 108
62293 51 76
11602 36 4
217662 30 90
198185 33 35
132179 25 88
88050 38 159
93245 57 161
148910 39 117
8871 42 156
49211 21 128
66548 39 117
218665 44 115
154943 64 89
48480 56 39
169839 52 159
15858 21 97
76703 51 7
165895 55 159
165760 58 141
44046 45 33
33360 44 96
203196 57 61
43915 43 161
134141 41 63
172833 25 132
163417 59 118
103194 68 79
185328 45 71
16935 41 98
65847 41 159
199826 59 80
9202 31 132
138882 63 138
79179 53 173
53046 44 25
88360 54 7
21793 42 4
124599 69 13
106160 42 4
134890 44 35
199711 52 85
194091 54 53
46074 62 33
151589 46 38
214978 59 3
190029 61 76
192078 23 22
78244 54 89
206228 63 60
73117 43 115
112819 68 59
187068 32 128
201977 34 117
90198 55 117
184559 51 4
213764 34 71
75812 68 21
210517 70 88
148601 47 118
34540 51 59
130303 40 70
164744 64 128
216503 66 76
3192 43 141
29789 42 159
145826 49 133
41850 30 4
142755 19 91
139822 37 131
89793 45 76
191280 45 113
118664 65 24
150001 62 141
193074 43 21
206323 58 165
167819 36 88
149385 67 137
40170 63 128
169033 42 21
146698 55 62
110182 21 96
135284 70 3
338 40 35
116719 56 165
206240 48 63
54045 43 4
135140 32 117
2975 53 69
151635 41 156
114260 48 136
198714 62 35
99062 29 97
89636 67 39
146651 70 141
24045 34 52
187525 35 116
144838 34 35
208086 32 131
181724 34 158
107061 32 4
102084 69 64
151073 51 118
141947 60 169
60010 55 61
180537 43 115
11462 50 111
109588 51 165
105461 50 165
43162 56 159
215035 61 3
3441 50 51
1789 29 63
197565 46 141
76186 50 113
43864 48 133
155080 46 156
131805 60 142
214359 63 24
9426 46 116
45665 32 52
16465 63 165
32582 58 70
49684 53 7
138303 31 132
46367 34 158
31551 52 76
97492 46 4
75139 63 13
59874 55 161
120633 47 50
43829 34 50
126998 42 26
161833 55 7
92567 56 26
65378 50 4
164720 36 77
215950 56 7
210876 60 4
129329 23 131
120899 36 138
149190 46 91
97516 44 97
179030 50 90
187182 58 158
13854 44 77
121633 39 77
109195 47 50
20820 64 133
36197 60 60
1252 48 158
185985 49 24
178266 34 69
84439 42 158
122670 34 158
141413 56 13
75033 45 62
183190 46 52
74820 27 50
96408 50 78
122488 30 79
114146 45 118
150579 67 91
121230 32 25
12657 38 76
6012 26 113
106122 27 90
143948 61 53
199870 51 38
146635 60 113
202380 36 165
106117 70 92
105788 21 71
193541 44 158
128118 40 38
112146 24 138
19060 25 92
159493 45 26
18990 54 156
140140 61 163
68777 44 96
66434 41 163
96669 41 118
209530 53 26
200598 49 156
104587 36 158
201296 45 133
209993 29 96
127243 23 64
127457 48 158
84714 52 115
114568 35 96
162514 39 13
83281 43 64
36739 32 26
3773 57 3
27741 41 161
97306 33 169
116672 43 142
19851 50 26
53377 49 77
183306 45 91
81815 51 91
118064 33 116
61797 39 142
35272 36 50
89990 66 136
102457 46 116
114125 70 96
132331 46 92
53931 26 131
175635 46 51
181108 58 54
50526 62 88
13386 43 70
139123 37 13
103418 58 91
194505 47 88
77335 41 92
33936 54 132
82442 40 62
92896 37 62
47329 50 141
89027 30 161
102449 41 79
37534 26 63
77307 59 92
28872 55 161
172125 35 115
182349 41 69
97460 43 111
57555 64 50
120138 47 69
161881 51 54
208557 49 76
6566 21 131
125506 40 69
133072 44 63
131564 52 156
51663 39 158
100838 62 142
46197 48 115
193678 44 159
48553 41 163
211891 40 62
213975 51 63
73927 62 141
190598 45 63
48921 61 79
113619 46 113
206058 55 64
109872 52 54
92492 56 78
176299 46 58
167250 17 132
81072 44 141
87304 45 60
99783 55 169
53256 46 79
81954 56 163
77306 31 132
64029 65 70
148231 62 69
55017 56 141
109616 44 137
92019 56 79
154317 37 115
176633 44 132
112311 45 116
133430 70 54
161485 39 132
146739 34 50
102384 58 169
166958 62 50
80990 54 63
94111 63 133
103480 67 13
179693 29 116
108441 49 26
104395 47 77
174423 35 61
214349 57 115
147226 44 159
48685 21 138
131655 58 64
96364 63 138
10626 61 53
105042 61 26
84376 43 111
134190 26 70
116968 65 142
176661 57 13
114797 45 69
138143 68 70
49869 65 159
15413 53 78
195147 46 26
33019 47 163
10788 40 115
32861 61 60
214745 57 142
102405 46 50
220177 27 131
129673 67 88
197192 23 115
152956 35 137
209262 53 161
142314 62 113
98928 62 78
183881 38 131
84156 62 50
132785 55 51
209042 20 115
33480 45 133
40927 54 79
214613 38 63
116028 55 13
163031 52 141
118816 57 133
103489 30 138
85642 62 70
119716 15 131
7689 50 63
209418 67 136
220114 46 53
10930 35 77
170413 69 116
50375 39 131
33265 69 64
218492 65 63
113799 48 116
177744 63 113
211089 50 63
33733 65 113
11670 38 77
54424 34 133
174551 37 63
34657 50 51
207588 46 88
162453 40 54
65533 22 61
181731 43 159
60971 40 169
208760 29 113
23676 40 61
146620 61 159
84885 67 137
159136 16 115
207501 59 141
179787 46 88
189177 41 70
207199 45 78
107472 47 60
88594 69 64
76330 31 115
8721 61 70
21009 36 142
79661 42 138
198537 50 88
27582 40 169
216918 53 51
112577 43 54
193574 29 96
182485 59 142
1079 24 115
196212 57 111
43093 52 70
8280 28 133
179215 45 77
93338 61 63
191458 26 116
23974 52 64
158508 39 53
45702 67 136
65287 55 159
76775 35 77
80051 44 63
17232 28 60
9896 42 159
71108 30 88
7214 63 138
213616 43 92
177801 30 54
12572 35 13
97660 36 61
170885 50 88
176304 60 25
127824 63 60
220174 52 159
77157 48 92
132641 38 77
84934 42 70
96208 60 64
85887 42 96
124457 38 53
69294 57 61
78550 30 96
126498 51 92
143834 50 136
205102 44 137
205054 64 61
29479 56 52
125599 49 137
77409 17 63
95017 74 13
29743 42 54
72979 43 96
57208 30 58
55020 52 13
49898 68 13
18446 37 92
136290 60 50
89071 29 63
54468 46 78
165183 48 25
185993 42 61
193321 44 52
15269 66 64
152706 35 58
7954 64 60
193661 45 111
155518 52 13
53360 45 111
23915 22 63
84891 41 54
189589 68 163
118299 40 58
152508 46 25
34915 50 111
140907 38 58
62701 65 53
68786 60 138
117432 37 51
4872 39 96
133028 39 61
190749 46 137
51501 40 51
218916 34 137
130032 67 92
100744 33 61
79713 44 58
148691 24 138
42382 52 96
152560 46 111
14564 50 138
54672 38 163
138108 60 61
153126 53 25
50693 61 111
32278 47 52
138296 51 137
51627 61 53
71243 62 137
10410 46 52
95996 63 92
42055 58 25
99719 35 52
94335 55 163
24344 57 52
116179 35 13
89553 15 92
71147 52 52
9055 47 137
128309 62 136
151640 64 13
54199 48 52
118885 33 163
83880 63 13
86612 48 54
52984 41 25
78864 30 92
63682 15 25
163488 52 60
79015 52 58
335 38 25
134388 47 78
193259 56 25
16439 57 60
76304 64 13
206393 44 111
34218 25 25
127613 60 54
77010 56 78
214750 27 52
113750 48 51
199931 60 25
119316 40 25
166737 61 53
72655 48 78
110391 49 52
180974 38 136
184889 45 92
130961 47 111
55286 67 53
42445 66 137
9353 58 51
126335 29 58
64668 55 78
46184 51 53
77046 44 111
168935 60 53
120418 61 92
43471 48 137
73144 64 136
17461 45 60
64556 57 53
51837 64 60
143595 62 51
79310 44 78
168408 45 25
158260 32 137
156315 63 25
171480 39 163
179773 53 25
143815 51 78
206513 58 78
91714 62 52
157014 48 58
46245 57 25
36600 50 78
19142 67 163
122058 67 136
205430 26 136
140816 53 51
108931 53 163
164394 18 58
200293 47 136
67303 55 51
106173 43 137
89077 51 52
195184 23 51
61771 48 78
55609 62 137
84841 36 137
220200 41 136
147357 37 58
12573 37 136
216958 41 136
184101 67 51
218136 56 51
195975 45 58
210824 49 78
105269 66 58
102022 46 58
212892 52 58
1825 32 58
110910 69 136
157947 40 58
184713 40 58
100894 44 136
55961 25 58
125753 58 58
